
=== RotX(pi/4) ===
ans =

   1.0000        0        0        0
        0   0.7071  -0.7071        0
        0   0.7071   0.7071        0
        0        0        0   1.0000


=== RotY(pi/3) ===
ans =

   0.5000        0   0.8660        0
        0   1.0000        0        0
  -0.8660        0   0.5000        0
        0        0        0   1.0000


=== RotZ(pi/6) ===
ans =

   0.8660  -0.5000        0        0
   0.5000   0.8660        0        0
        0        0   1.0000        0
        0        0        0   1.0000


=== Trans3D(1,2,3) ===
ans =

   1   0   0   1
   0   1   0   2
   0   0   1   3
   0   0   0   1


=== RotX(pi/4) ===
ans =

   1.0000        0        0        0
        0   0.7071  -0.7071        0
        0   0.7071   0.7071        0
        0        0        0   1.0000


=== RotY(pi/3) ===
ans =

   0.5000        0   0.8660        0
        0   1.0000        0        0
  -0.8660        0   0.5000        0
        0        0        0   1.0000


=== RotZ(pi/6) ===
ans =

   0.8660  -0.5000        0        0
   0.5000   0.8660        0        0
        0        0   1.0000        0
        0        0        0   1.0000


=== Trans3D(1,2,3) ===
ans =

   1   0   0   1
   0   1   0   2
   0   0   1   3
   0   0   0   1

